 # Name  angle[rad]  betax[m]  betay[m] halfgap[m]  Material  Length[m]  sigx[m]  sigy[m] tilt1[rad] tilt2[rad] nsig
        63 TCL.4R1.B1      0.0000000000E+00    0.7665875310E+03    0.2142807901E+04    0.8995457866E-02 CU   0.10000E+01   0.59970E-03   0.10026E-02   0.00000E+00   0.00000E+00   0.15000E+02
        64 TCL.5R1.B1      0.0000000000E+00    0.2225538304E+03    0.1284528730E+04    0.4846853967E-02 CU   0.10000E+01   0.32312E-03   0.77629E-03   0.00000E+00   0.00000E+00   0.15000E+02
        65 TCL.6R1.B1      0.0000000000E+00    0.1845734621E+02    0.4661102198E+03    0.1861083094E-02 W    0.10000E+01   0.93054E-04   0.46762E-03   0.00000E+00   0.00000E+00   0.20000E+02
        57 TCTPH.4L2.B1    0.0000000000E+00    0.4672778765E+02    0.4865941861E+02    0.5478232664E-02 W    0.10000E+01   0.14806E-03   0.15109E-03   0.00000E+00   0.00000E+00   0.37000E+02
        61 TCTPV.4L2.B1    0.1571000000E+01    0.4829473969E+02    0.4649578228E+02    0.5464615921E-02 W    0.10000E+01   0.15052E-03   0.14769E-03   0.00000E+00   0.00000E+00   0.37000E+02
        75 TDI.4L2.B1      0.1571000000E+01    0.1089565040E+03    0.4446075780E+02    0.1442796469E+00 CU   0.40000E+01   0.22609E-03   0.14442E-03   0.00000E+00   0.00000E+00   0.99900E+03
        69 TCLIA.4R2       0.1571000000E+01    0.5229672529E+02    0.1283592433E+03    0.2451490396E+00 C    0.10000E+01   0.15663E-03   0.24539E-03   0.00000E+00   0.00000E+00   0.99900E+03
        70 TCLIB.6R2.B1    0.1571000000E+01    0.2577620509E+03    0.3842292246E+02    0.1341256612E+00 C    0.10000E+01   0.34774E-03   0.13426E-03   0.00000E+00   0.00000E+00   0.99900E+03
         1 TCP.6L3.B1      0.0000000000E+00    0.1315206238E+03    0.1446940237E+03    0.3725969780E-02 C    0.60000E+00   0.24840E-03   0.26054E-03   0.00000E+00   0.00000E+00   0.15000E+02
         2 TCSG.5L3.B1     0.0000000000E+00    0.5460461297E+02    0.2986239350E+03    0.2880967180E-02 C    0.10000E+01   0.16005E-03   0.37429E-03   0.00000E+00   0.00000E+00   0.18000E+02
         4 TCSG.4R3.B1     0.0000000000E+00    0.2620971312E+02    0.3951963039E+03    0.1995973532E-02 C    0.10000E+01   0.11089E-03   0.43058E-03   0.00000E+00   0.00000E+00   0.18000E+02
         6 TCSG.A5R3.B1    0.2981020000E+01    0.3586769137E+02    0.3441113273E+03    0.2578689131E-02 C    0.10000E+01   0.12972E-03   0.40179E-03   0.00000E+00   0.00000E+00   0.18000E+02
         8 TCSG.B5R3.B1    0.1989675347E+00    0.4553781983E+02    0.3126775340E+03    0.2916882534E-02 C    0.10000E+01   0.14616E-03   0.38300E-03   0.00000E+00   0.00000E+00   0.18000E+02
        46 TCLA.A5R3.B1    0.1571000000E+01    0.1425293435E+03    0.1760130709E+03    0.5747164040E-02 W    0.10000E+01   0.25858E-03   0.28736E-03   0.00000E+00   0.00000E+00   0.20000E+02
        47 TCLA.B5R3.B1    0.0000000000E+00    0.1516147831E+03    0.1686870402E+03    0.5333986464E-02 W    0.10000E+01   0.26670E-03   0.28131E-03   0.00000E+00   0.00000E+00   0.20000E+02
        48 TCLA.6R3.B1     0.0000000000E+00    0.1294357525E+03    0.1687063976E+03    0.4928426241E-02 W    0.10000E+01   0.24642E-03   0.28133E-03   0.00000E+00   0.00000E+00   0.20000E+02
        49 TCLA.7R3.B1     0.0000000000E+00    0.6738944038E+02    0.8939801993E+02    0.3556125340E-02 W    0.10000E+01   0.17781E-03   0.20479E-03   0.00000E+00   0.00000E+00   0.20000E+02
        58 TCTPH.4L5.B1    0.0000000000E+00    0.2154118542E+04    0.8254893697E+03    0.9248552496E-02 W    0.10000E+01   0.10053E-02   0.62231E-03   0.00000E+00   0.00000E+00   0.92000E+01
        59 TCTPV.4L5.B1    0.1571000000E+01    0.2162757102E+04    0.8717179362E+03    0.5883380962E-02 W    0.10000E+01   0.10073E-02   0.63950E-03   0.00000E+00   0.00000E+00   0.92000E+01
        66 TCL.4R5.B1      0.0000000000E+00    0.7665875332E+03    0.2142807899E+04    0.8995457879E-02 CU   0.10000E+01   0.59970E-03   0.10026E-02   0.00000E+00   0.00000E+00   0.15000E+02
        67 TCL.5R5.B1      0.0000000000E+00    0.2230683130E+03    0.1289452509E+04    0.4852453023E-02 CU   0.10000E+01   0.32350E-03   0.77777E-03   0.00000E+00   0.00000E+00   0.15000E+02
        68 TCL.6R5.B1      0.0000000000E+00    0.1304011097E+02    0.4320995345E+03    0.1564306243E-02 W    0.10000E+01   0.78215E-04   0.45024E-03   0.00000E+00   0.00000E+00   0.20000E+02
        71 TCSP.A4R6.B1    0.0000000000E+00    0.5188532468E+03    0.1746805809E+03    0.4193651474E-02 C    0.10000E+01   0.49337E-03   0.28627E-03   0.00000E+00   0.00000E+00   0.85000E+01
        10 TCP.D6L7.B1     0.1571000000E+01    0.1588661744E+03    0.7826267922E+02    0.1092202987E-02 C    0.60000E+00   0.27300E-03   0.19161E-03   0.00000E+00   0.00000E+00   0.57000E+01
        11 TCP.C6L7.B1     0.0000000000E+00    0.1505239818E+03    0.8276243245E+02    0.1514707738E-02 C    0.60000E+00   0.26574E-03   0.19705E-03   0.00000E+00   0.00000E+00   0.57000E+01
        12 TCP.B6L7.B1     0.2215000000E+01    0.1424584990E+03    0.8748737078E+02    0.1278952186E-02 C    0.60000E+00   0.25852E-03   0.20259E-03   0.00000E+00   0.00000E+00   0.57000E+01
        16 TCSG.A6L7.B1    0.2462660000E+01    0.3987155334E+02    0.2269212048E+03    0.1777839480E-02 C    0.10000E+01   0.13677E-03   0.32628E-03   0.00000E+00   0.00000E+00   0.77000E+01
        18 TCSG.B5L7.B1    0.2504550000E+01    0.1600139614E+03    0.1665130220E+03    0.2124804899E-02 C    0.10000E+01   0.27399E-03   0.27950E-03   0.00000E+00   0.00000E+00   0.77000E+01
        20 TCSG.A5L7.B1    0.7103500000E+00    0.1859930959E+03    0.1459293088E+03    0.2167851330E-02 C    0.10000E+01   0.29539E-03   0.26165E-03   0.00000E+00   0.00000E+00   0.77000E+01
        22 TCSG.D4L7.B1    0.1570800000E+01    0.3329600107E+03    0.6886047525E+02    0.1383970625E-02 C    0.10000E+01   0.39523E-03   0.17974E-03   0.00000E+00   0.00000E+00   0.77000E+01
        26 TCSG.B4L7.B1    0.0000000000E+00    0.1397578972E+03    0.1309955093E+03    0.1971650999E-02 C    0.10000E+01   0.25606E-03   0.24790E-03   0.00000E+00   0.00000E+00   0.77000E+01
        28 TCSG.A4L7.B1    0.2349210000E+01    0.1286710934E+03    0.1412954168E+03    0.1938311659E-02 C    0.10000E+01   0.24569E-03   0.25746E-03   0.00000E+00   0.00000E+00   0.77000E+01
        30 TCSG.A4R7.B1    0.8080900000E+00    0.1182810796E+03    0.1522203387E+03    0.1945110104E-02 C    0.10000E+01   0.23556E-03   0.26723E-03   0.00000E+00   0.00000E+00   0.77000E+01
        36 TCSG.B5R7.B1    0.2469640000E+01    0.1218533010E+03    0.2675806513E+03    0.2227150754E-02 C    0.10000E+01   0.23909E-03   0.35431E-03   0.00000E+00   0.00000E+00   0.77000E+01
        40 TCSG.D5R7.B1    0.8971000000E+00    0.2138851006E+03    0.1585529549E+03    0.2238134557E-02 C    0.10000E+01   0.31677E-03   0.27273E-03   0.00000E+00   0.00000E+00   0.77000E+01
        42 TCSG.E5R7.B1    0.2277650000E+01    0.2414085855E+03    0.1361173886E+03    0.2240850301E-02 C    0.10000E+01   0.33653E-03   0.25270E-03   0.00000E+00   0.00000E+00   0.77000E+01
        44 TCSG.6R7.B1     0.8730000000E-02    0.3357666743E+03    0.4735650414E+02    0.3055951402E-02 C    0.10000E+01   0.39689E-03   0.14905E-03   0.00000E+00   0.00000E+00   0.77000E+01
        50 TCLA.A6R7.B1    0.1571000000E+01    0.2970758365E+03    0.4815513337E+02    0.1653351394E-02 W    0.10000E+01   0.37332E-03   0.15030E-03   0.00000E+00   0.00000E+00   0.11000E+02
        51 TCLA.B6R7.B1    0.0000000000E+00    0.1595043852E+03    0.7638768650E+02    0.3009055084E-02 W    0.10000E+01   0.27355E-03   0.18931E-03   0.00000E+00   0.00000E+00   0.11000E+02
        52 TCLA.C6R7.B1    0.1571000000E+01    0.6861722777E+02    0.1518870113E+03    0.2936325101E-02 W    0.10000E+01   0.17942E-03   0.26694E-03   0.00000E+00   0.00000E+00   0.11000E+02
        53 TCLA.D6R7.B1    0.0000000000E+00    0.6504935139E+02    0.1579157297E+03    0.1921610263E-02 W    0.10000E+01   0.17469E-03   0.27218E-03   0.00000E+00   0.00000E+00   0.11000E+02
        54 TCLA.A7R7.B1    0.0000000000E+00    0.6463387718E+02    0.1464538258E+03    0.1915463711E-02 W    0.10000E+01   0.17413E-03   0.26212E-03   0.00000E+00   0.00000E+00   0.11000E+02
        60 TCTPH.4L8.B1    0.0000000000E+00    0.2411571803E+03    0.3017606536E+03    0.5045363916E-02 W    0.10000E+01   0.33636E-03   0.37626E-03   0.00000E+00   0.00000E+00   0.15000E+02
        62 TCTPV.4L8.B1    0.1571000000E+01    0.2516986847E+03    0.3029580868E+03    0.5655013831E-02 W    0.10000E+01   0.34363E-03   0.37700E-03   0.00000E+00   0.00000E+00   0.15000E+02
        55 TCTPH.4L1.B1    0.0000000000E+00    0.2154118552E+04    0.8254893714E+03    0.9248552517E-02 W    0.10000E+01   0.10053E-02   0.62231E-03   0.00000E+00   0.00000E+00   0.92000E+01
        56 TCTPV.4L1.B1    0.1571000000E+01    0.2162757112E+04    0.8717179380E+03    0.5883380969E-02 W    0.10000E+01   0.10073E-02   0.63950E-03   0.00000E+00   0.00000E+00   0.92000E+01
